KeyPCGI_One@RadiantGI.fx=46,0,0,0
Techniques=ZN_WireFrame@ZN_WF.fx,CShade_CensusTransform@cCensusTransform.fx,PPFXSSDO@PPFX_SSDO.fx

[PPFX_SSDO.fx]
pSSDOAmount=1.090000
pSSDOAngleThreshold=0.125000
pSSDOBounceLOD=0
pSSDOBounceMultiplier=1.000000
pSSDOBounceSaturation=1.040000
pSSDODebugMode=0
pSSDOFadeEnd=0.950000
pSSDOFadeStart=0.900000
pSSDOFilterRadius=8.000000
pSSDOIntensity=20.000000
pSSDOSampleAmount=10
pSSDOSampleRange=4.000000
pSSDOSourceLOD=0

[RadiantGI.fx]
Blend=0
Debug=0
Deep_Scattering=0.100000
Depth_Map=0
Depth_Map_Adjust=7.500000
Depth_Map_Flip=0
Diffusion_Saturation_Power=0.250000,0.500000
D_Irradiance=0.000000
GI_Power=1.000000
GI_Ray_Length=250.000000
GI_Res=0.800000
GI_Saturation=1.000000
GI_Sky_Saturation=1.000000
HDR_BP=0.500000
IGN_Toggle=1
Internals=0.540000,0.010000,0.010000
Luma_Map=0.500000
NCD=0.125000,0.000000
Offset=0.000000
PCGI_2DTexture_Detail=0.000000,1.000000
PCGI_Fade=1.000000
PP_Options=0
RadiantGI=0
Reflectivness=1.000000,0.500000
samples=6.000000
SamplesXY=6
Scattering=0
Sky_Adustment=3
Sky_Emissive_Selection=0
SSS_Seek=0.250000
Target_Lighting=0.050000
Trim=0.000000
Wrap=0.500000

[ZN_WF.fx]
FAST_AFN=0
FAST_AFS=0
FRAME_BOOST=18.837999
FRAME_COLOR=0.053097,0.016681,0.016681
OVERLAY_MODE=0

